000000000;100000000;010000000;001000000;000100000;000010000;000001000;000000100;000000010;000000001
100000000;110000000;101000000;100100000;100010000;100001000;100000100;100000010;100000001
010000000;110000000;011000000;010100000;010010000;010001000;010000100;010000010;010000001
001000000;101000000;011000000;001100000;001010000;001001000;001000100;001000010;001000001
000100000;100100000;010100000;001100000;000110000;000101000;000100100;000100010;000100001
000010000;100010000;010010000;001010000;000110000;000011000;000010100;000010010;000010001
000001000;100001000;010001000;001001000;000101000;000011000;000001100;000001010;000001001
000000100;100000100;010000100;001000100;000100100;000010100;000001100;000000110;000000101
000000010;100000010;010000010;001000010;000100010;000010010;000001010;000000110;000000011
000000001;100000001;010000001;001000001;000100001;000010001;000001001;000000101;000000011
110000000;111000000;110100000;110010000;110001000;110000100;110000010;110000001
101000000;111000000;101100000;101010000;101001000;101000100;101000010;101000001
100100000;110100000;101100000;100110000;100101000;100100100;100100010;100100001
100010000;110010000;101010000;100110000;100011000;100010100;100010010;100010001
100001000;110001000;101001000;100101000;100011000;100001100;100001010;100001001
100000100;110000100;101000100;100100100;100010100;100001100;100000110;100000101
100000010;110000010;101000010;100100010;100010010;100001010;100000110;100000011
100000001;110000001;101000001;100100001;100010001;100001001;100000101;100000011
011000000;111000000;011100000;011010000;011001000;011000100;011000010;011000001
010100000;110100000;011100000;010110000;010101000;010100100;010100010;010100001
010010000;110010000;011010000;010110000;010011000;010010100;010010010;010010001
010001000;110001000;011001000;010101000;010011000;010001100;010001010;010001001
010000100;110000100;011000100;010100100;010010100;010001100;010000110;010000101
010000010;110000010;011000010;010100010;010010010;010001010;010000110;010000011
010000001;110000001;011000001;010100001;010010001;010001001;010000101;010000011
001100000;101100000;011100000;001110000;001101000;001100100;001100010;001100001
001010000;101010000;011010000;001110000;001011000;001010100;001010010;001010001
001001000;101001000;011001000;001101000;001011000;001001100;001001010;001001001
001000100;101000100;011000100;001100100;001010100;001001100;001000110;001000101
001000010;101000010;011000010;001100010;001010010;001001010;001000110;001000011
001000001;101000001;011000001;001100001;001010001;001001001;001000101;001000011
000110000;100110000;010110000;001110000;000111000;000110100;000110010;000110001
000101000;100101000;010101000;001101000;000111000;000101100;000101010;000101001
000100100;100100100;010100100;001100100;000110100;000101100;000100110;000100101
000100010;100100010;010100010;001100010;000110010;000101010;000100110;000100011
000100001;100100001;010100001;001100001;000110001;000101001;000100101;000100011
000011000;100011000;010011000;001011000;000111000;000011100;000011010;000011001
000010100;100010100;010010100;001010100;000110100;000011100;000010110;000010101
000010010;100010010;010010010;001010010;000110010;000011010;000010110;000010011
000010001;100010001;010010001;001010001;000110001;000011001;000010101;000010011
000001100;100001100;010001100;001001100;000101100;000011100;000001110;000001101
000001010;100001010;010001010;001001010;000101010;000011010;000001110;000001011
000001001;100001001;010001001;001001001;000101001;000011001;000001101;000001011
000000110;100000110;010000110;001000110;000100110;000010110;000001110;000000111
000000101;100000101;010000101;001000101;000100101;000010101;000001101;000000111
000000011;100000011;010000011;001000011;000100011;000010011;000001011;000000111
111000000
110100000;111100000;110110000;110101000;110100100;110100010;110100001
110010000;111010000;110110000;110011000;110010100;110010010;110010001
110001000;111001000;110101000;110011000;110001100;110001010;110001001
110000100;111000100;110100100;110010100;110001100;110000110;110000101
110000010;111000010;110100010;110010010;110001010;110000110;110000011
110000001;111000001;110100001;110010001;110001001;110000101;110000011
101100000;111100000;101110000;101101000;101100100;101100010;101100001
101010000;111010000;101110000;101011000;101010100;101010010;101010001
101001000;111001000;101101000;101011000;101001100;101001010;101001001
101000100;111000100;101100100;101010100;101001100;101000110;101000101
101000010;111000010;101100010;101010010;101001010;101000110;101000011
101000001;111000001;101100001;101010001;101001001;101000101;101000011
100110000;110110000;101110000;100111000;100110100;100110010;100110001
100101000;110101000;101101000;100111000;100101100;100101010;100101001
100100100
100100010;110100010;101100010;100110010;100101010;100100110;100100011
100100001;110100001;101100001;100110001;100101001;100100101;100100011
100011000;110011000;101011000;100111000;100011100;100011010;100011001
100010100;110010100;101010100;100110100;100011100;100010110;100010101
100010010;110010010;101010010;100110010;100011010;100010110;100010011
100010001
100001100;110001100;101001100;100101100;100011100;100001110;100001101
100001010;110001010;101001010;100101010;100011010;100001110;100001011
100001001;110001001;101001001;100101001;100011001;100001101;100001011
100000110;110000110;101000110;100100110;100010110;100001110;100000111
100000101;110000101;101000101;100100101;100010101;100001101;100000111
100000011;110000011;101000011;100100011;100010011;100001011;100000111
011100000;111100000;011110000;011101000;011100100;011100010;011100001
011010000;111010000;011110000;011011000;011010100;011010010;011010001
011001000;111001000;011101000;011011000;011001100;011001010;011001001
011000100;111000100;011100100;011010100;011001100;011000110;011000101
011000010;111000010;011100010;011010010;011001010;011000110;011000011
011000001;111000001;011100001;011010001;011001001;011000101;011000011
010110000;110110000;011110000;010111000;010110100;010110010;010110001
010101000;110101000;011101000;010111000;010101100;010101010;010101001
010100100;110100100;011100100;010110100;010101100;010100110;010100101
010100010;110100010;011100010;010110010;010101010;010100110;010100011
010100001;110100001;011100001;010110001;010101001;010100101;010100011
010011000;110011000;011011000;010111000;010011100;010011010;010011001
010010100;110010100;011010100;010110100;010011100;010010110;010010101
010010010
010010001;110010001;011010001;010110001;010011001;010010101;010010011
010001100;110001100;011001100;010101100;010011100;010001110;010001101
010001010;110001010;011001010;010101010;010011010;010001110;010001011
010001001;110001001;011001001;010101001;010011001;010001101;010001011
010000110;110000110;011000110;010100110;010010110;010001110;010000111
010000101;110000101;011000101;010100101;010010101;010001101;010000111
010000011;110000011;011000011;010100011;010010011;010001011;010000111
001110000;101110000;011110000;001111000;001110100;001110010;001110001
001101000;101101000;011101000;001111000;001101100;001101010;001101001
001100100;101100100;011100100;001110100;001101100;001100110;001100101
001100010;101100010;011100010;001110010;001101010;001100110;001100011
001100001;101100001;011100001;001110001;001101001;001100101;001100011
001011000;101011000;011011000;001111000;001011100;001011010;001011001
001010100
001010010;101010010;011010010;001110010;001011010;001010110;001010011
001010001;101010001;011010001;001110001;001011001;001010101;001010011
001001100;101001100;011001100;001101100;001011100;001001110;001001101
001001010;101001010;011001010;001101010;001011010;001001110;001001011
001001001
001000110;101000110;011000110;001100110;001010110;001001110;001000111
001000101;101000101;011000101;001100101;001010101;001001101;001000111
001000011;101000011;011000011;001100011;001010011;001001011;001000111
000111000
000110100;100110100;010110100;001110100;000111100;000110110;000110101
000110010;100110010;010110010;001110010;000111010;000110110;000110011
000110001;100110001;010110001;001110001;000111001;000110101;000110011
000101100;100101100;010101100;001101100;000111100;000101110;000101101
000101010;100101010;010101010;001101010;000111010;000101110;000101011
000101001;100101001;010101001;001101001;000111001;000101101;000101011
000100110;100100110;010100110;001100110;000110110;000101110;000100111
000100101;100100101;010100101;001100101;000110101;000101101;000100111
000100011;100100011;010100011;001100011;000110011;000101011;000100111
000011100;100011100;010011100;001011100;000111100;000011110;000011101
000011010;100011010;010011010;001011010;000111010;000011110;000011011
000011001;100011001;010011001;001011001;000111001;000011101;000011011
000010110;100010110;010010110;001010110;000110110;000011110;000010111
000010101;100010101;010010101;001010101;000110101;000011101;000010111
000010011;100010011;010010011;001010011;000110011;000011011;000010111
000001110;100001110;010001110;001001110;000101110;000011110;000001111
000001101;100001101;010001101;001001101;000101101;000011101;000001111
000001011;100001011;010001011;001001011;000101011;000011011;000001111
000000111
111100000
110110000;111110000;110111000;110110100;110110010;110110001
110101000;111101000;110111000;110101100;110101010;110101001
110100100
110100010;111100010;110110010;110101010;110100110;110100011
110100001;111100001;110110001;110101001;110100101;110100011
111010000
110011000;111011000;110111000;110011100;110011010;110011001
110010100;111010100;110110100;110011100;110010110;110010101
110010010
110010001
111001000
110001100;111001100;110101100;110011100;110001110;110001101
110001010;111001010;110101010;110011010;110001110;110001011
110001001;111001001;110101001;110011001;110001101;110001011
111000100
110000110;111000110;110100110;110010110;110001110;110000111
110000101;111000101;110100101;110010101;110001101;110000111
111000010
110000011;111000011;110100011;110010011;110001011;110000111
111000001
101110000;111110000;101111000;101110100;101110010;101110001
101101000;111101000;101111000;101101100;101101010;101101001
101100100
101100010;111100010;101110010;101101010;101100110;101100011
101100001;111100001;101110001;101101001;101100101;101100011
101011000;111011000;101111000;101011100;101011010;101011001
101010100
101010010;111010010;101110010;101011010;101010110;101010011
101010001
101001100;111001100;101101100;101011100;101001110;101001101
101001010;111001010;101101010;101011010;101001110;101001011
101001001
101000110;111000110;101100110;101010110;101001110;101000111
101000101;111000101;101100101;101010101;101001101;101000111
101000011;111000011;101100011;101010011;101001011;101000111
100111000
100110100
100110010;110110010;101110010;100111010;100110110;100110011
100110001
100101100
100101010;110101010;101101010;100111010;100101110;100101011
100101001;110101001;101101001;100111001;100101101;100101011
100100110
100100011;110100011;101100011;100110011;100101011;100100111
100100101
100011100;110011100;101011100;100111100;100011110;100011101
100011010;110011010;101011010;100111010;100011110;100011011
100011001
100010110;110010110;101010110;100110110;100011110;100010111
100010101
100010011
100001110;110001110;101001110;100101110;100011110;100001111
100001101;110001101;101001101;100101101;100011101;100001111
100001011;110001011;101001011;100101011;100011011;100001111
100000111
011110000;111110000;011111000;011110100;011110010;011110001
011101000;111101000;011111000;011101100;011101010;011101001
011100100;111100100;011110100;011101100;011100110;011100101
011100010;111100010;011110010;011101010;011100110;011100011
011100001;111100001;011110001;011101001;011100101;011100011
011011000;111011000;011111000;011011100;011011010;011011001
011010100
011010010
011010001;111010001;011110001;011011001;011010101;011010011
011001100;111001100;011101100;011011100;011001110;011001101
011001010;111001010;011101010;011011010;011001110;011001011
011001001
011000110;111000110;011100110;011010110;011001110;011000111
011000101;111000101;011100101;011010101;011001101;011000111
011000011;111000011;011100011;011010011;011001011;011000111
010111000
010110100;110110100;011110100;010111100;010110110;010110101
010110010
010110001;110110001;011110001;010111001;010110101;010110011
010101100;110101100;011101100;010111100;010101110;010101101
010101010;110101010;011101010;010111010;010101110;010101011
010101001;110101001;011101001;010111001;010101101;010101011
010100110;110100110;011100110;010110110;010101110;010100111
010100101;110100101;011100101;010110101;010101101;010100111
010100011;110100011;011100011;010110011;010101011;010100111
010011100;110011100;011011100;010111100;010011110;010011101
010011010
010011001;110011001;011011001;010111001;010011101;010011011
010010110
010010101;110010101;011010101;010110101;010011101;010010111
010010011
010001110;110001110;011001110;010101110;010011110;010001111
010001101;110001101;011001101;010101101;010011101;010001111
010001011;110001011;011001011;010101011;010011011;010001111
010000111
001111000
001110100
001110010;101110010;011110010;001111010;001110110;001110011
001110001;101110001;011110001;001111001;001110101;001110011
001101100;101101100;011101100;001111100;001101110;001101101
001101010;101101010;011101010;001111010;001101110;001101011
001101001
001100110;101100110;011100110;001110110;001101110;001100111
001100101;101100101;011100101;001110101;001101101;001100111
001100011;101100011;011100011;001110011;001101011;001100111
001011100
001011010;101011010;011011010;001111010;001011110;001011011
001011001
001010110
001010011;101010011;011010011;001110011;001011011;001010111
001010101
001001110;101001110;011001110;001101110;001011110;001001111
001001101
001001011
001000111
000111100
000110110;100110110;010110110;001110110;000111110;000110111
000110101;100110101;010110101;001110101;000111101;000110111
000111010
000110011;100110011;010110011;001110011;000111011;000110111
000111001
000101110;100101110;010101110;001101110;000111110;000101111
000101101;100101101;010101101;001101101;000111101;000101111
000101011;100101011;010101011;001101011;000111011;000101111
000100111
000011110;100011110;010011110;001011110;000111110;000011111
000011101;100011101;010011101;001011101;000111101;000011111
000011011;100011011;010011011;001011011;000111011;000011111
000010111
000001111
111110000
110111000
110110100
110110010
110110001
111101000
110101100
110101010;111101010;110111010;110101110;110101011
110101001;111101001;110111001;110101101;110101011
111100010
110100110
110100011;111100011;110110011;110101011;110100111
111100001
110100101
111011000
110011100;111011100;110111100;110011110;110011101
110011010
110011001
111010100
110010110
110010101
111001100
110001110;111001110;110101110;110011110;110001111
110001101;111001101;110101101;110011101;110001111
111001010
110001011;111001011;110101011;110011011;110001111
111001001
111000110
110000111
111000101
111000011
110010011
101111000
101110100
101110010;111110010;101111010;101110110;101110011
101110001
101101100
101101010;111101010;101111010;101101110;101101011
101101001
101100110
101100011;111100011;101110011;101101011;101100111
101100101
101011100
101011010;111011010;101111010;101011110;101011011
101011001
111010010
101010110
101010011
101001110;111001110;101101110;101011110;101001111
101001101
101001011
101000111
101010101
100111010
100110110
100110011
100101110
100101011;110101011;101101011;100111011;100101111
100111001
100101101
100100111
100111100
100011110;110011110;101011110;100111110;100011111
100011101
100011011
100010111
100001111
011111000
011110100
011110010
011110001;111110001;011111001;011110101;011110011
011101100;111101100;011111100;011101110;011101101
011101010;111101010;011111010;011101110;011101011
011101001
111100100
011100110;111100110;011110110;011101110;011100111
011100101;111100101;011110101;011101101;011100111
011100011;111100011;011110011;011101011;011100111
011011100
011011010
011011001
111010001
011010101
011010011
011001110;111001110;011101110;011011110;011001111
011001101
011001011
011010110
011000111
010111100
010110110
010110101;110110101;011110101;010111101;010110111
010111001
010110011
010101110;110101110;011101110;010111110;010101111
010101101;110101101;011101101;010111101;010101111
010111010
010101011;110101011;011101011;010111011;010101111
010100111
010011110
010011101;110011101;011011101;010111101;010011111
010011011
010010111
010001111
001111010
001110110
001110011;101110011;011110011;001111011;001110111
001111001
001110101
001111100
001101110;101101110;011101110;001111110;001101111
001101101
001101011
001100111
001011110
001011011
001010111
001001111
000111110
000110111
100110101
000111101
000111011
000101111
000011111
001011101
111101010
110111010
110101110
110101011;111101011;110111011;110101111
111101001
110111001
110101101
111100011
110110011
110100111
111011100
110111100
110011110
110011101
111001110
110001111
111001101
111001011
110011011
111110010
101111010
101110110
101110011
101101110
101101011
101100111
111011010
101011110
101011011
101001111
100111011
100101111
100111110
100011111
111101011
110111011
110101111
111110001
011111001
011110101
011110011
111101100
011111100
011101110;111101110;011111110;011101111
011101101
011111010
011101011
111100110
011110110
011100111
111100101
011011110
011001111
110110101
010111101
010110111
010111110
010101111
010111011
011011101
010011111
111101110
011111110
011101111
001111011
001110111
001111110
001101111
